58 1.045928 1.046656 1.047384 1.048111 1.048839 1.049566 1.050294 1.051022 1.051749 1.052477 1.053204 1.053932 1.054660 1.055387 1.056115 1.056842 1.057570 1.058298 1.059025 1.059753 1.060480 1.061208 1.061936 1.062663 1.063391 1.064118 
59 1.028352 1.029055 1.029759 1.030462 1.031165 1.031868 1.032571 1.033274 1.033977 1.034681 1.035384 1.036087 1.036790 1.037493 1.038196 1.038899 1.039603 1.040306 1.041009 1.041712 1.042415 1.043118 1.043821 1.044525 1.045228 1.045931 
60 1.011357 1.012037 1.012717 1.013397 1.014077 1.014757 1.015437 1.016116 1.016796 1.017476 1.018156 1.018836 1.019516 1.020196 1.020876 1.021556 1.022236 1.022915 1.023595 1.024275 1.024955 1.025635 1.026315 1.026995 1.027675 1.028355 
61 0.994915 0.995572 0.996230 0.996888 0.997546 0.998203 0.998861 0.999519 1.000177 1.000835 1.001492 1.002150 1.002808 1.003466 1.004124 1.004781 1.005439 1.006097 1.006755 1.007413 1.008070 1.008728 1.009386 1.010044 1.010702 1.011359 
62 0.978998 0.979635 0.980271 0.980908 0.981545 0.982182 0.982818 0.983455 0.984092 0.984729 0.985365 0.986002 0.986639 0.987276 0.987912 0.988549 0.989186 0.989823 0.990459 0.991096 0.991733 0.992370 0.993006 0.993643 0.994280 0.994917 
63 0.963583 0.964199 0.964816 0.965433 0.966049 0.966666 0.967283 0.967900 0.968516 0.969133 0.969750 0.970366 0.970983 0.971600 0.972216 0.972833 0.973450 0.974066 0.974683 0.975300 0.975917 0.976533 0.977150 0.977767 0.978383 0.979000 
64 0.948645 0.949243 0.949840 0.950438 0.951036 0.951633 0.952231 0.952828 0.953426 0.954023 0.954621 0.955219 0.955816 0.956414 0.957011 0.957609 0.958206 0.958804 0.959402 0.959999 0.960597 0.961194 0.961792 0.962389 0.962987 0.963585 
65 0.934164 0.934743 0.935323 0.935902 0.936481 0.937060 0.937640 0.938219 0.938798 0.939378 0.939957 0.940536 0.941116 0.941695 0.942274 0.942854 0.943433 0.944012 0.944592 0.945171 0.945750 0.946330 0.946909 0.947488 0.948068 0.948647 
66 0.920118 0.920680 0.921242 0.921804 0.922366 0.922927 0.923489 0.924051 0.924613 0.925175 0.925737 0.926299 0.926861 0.927423 0.927985 0.928546 0.929108 0.929670 0.930232 0.930794 0.931356 0.931918 0.932480 0.933042 0.933604 0.934166 
67 0.906488 0.907033 0.907579 0.908124 0.908669 0.909214 0.909760 0.910305 0.910850 0.911395 0.911941 0.912486 0.913031 0.913576 0.914122 0.914667 0.915212 0.915757 0.916303 0.916848 0.917393 0.917938 0.918484 0.919029 0.919574 0.920119 
68 0.893256 0.893785 0.894315 0.894844 0.895373 0.895903 0.896432 0.896961 0.897491 0.898020 0.898550 0.899079 0.899608 0.900138 0.900667 0.901196 0.901726 0.902255 0.902784 0.903314 0.903843 0.904372 0.904902 0.905431 0.905960 0.906490 
69 0.880405 0.880919 0.881433 0.881947 0.882461 0.882975 0.883490 0.884004 0.884518 0.885032 0.885546 0.886060 0.886574 0.887088 0.887602 0.888116 0.888631 0.889145 0.889659 0.890173 0.890687 0.891201 0.891715 0.892229 0.892743 0.893258 
70 0.867918 0.868418 0.868917 0.869417 0.869916 0.870416 0.870915 0.871415 0.871914 0.872414 0.872913 0.873413 0.873912 0.874412 0.874911 0.875411 0.875911 0.876410 0.876910 0.877409 0.877909 0.878408 0.878908 0.879407 0.879907 0.880406 
71 0.855781 0.856266 0.856752 0.857237 0.857723 0.858208 0.858694 0.859180 0.859665 0.860151 0.860636 0.861122 0.861607 0.862093 0.862578 0.863064 0.863549 0.864035 0.864521 0.865006 0.865492 0.865977 0.866463 0.866948 0.867434 0.867919 
72 0.843978 0.844450 0.844922 0.845394 0.845867 0.846339 0.846811 0.847283 0.847755 0.848227 0.848700 0.849172 0.849644 0.850116 0.850588 0.851060 0.851532 0.852005 0.852477 0.852949 0.853421 0.853893 0.854365 0.854838 0.855310 0.855782 
73 0.832496 0.832956 0.833415 0.833874 0.834334 0.834793 0.835252 0.835712 0.836171 0.836630 0.837089 0.837549 0.838008 0.838467 0.838927 0.839386 0.839845 0.840305 0.840764 0.841223 0.841683 0.842142 0.842601 0.843060 0.843520 0.843979 
74 0.821323 0.821770 0.822217 0.822664 0.823111 0.823558 0.824005 0.824452 0.824899 0.825346 0.825793 0.826240 0.826687 0.827134 0.827581 0.828028 0.828475 0.828922 0.829369 0.829816 0.830263 0.830710 0.831156 0.831603 0.832050 0.832497 
75 0.810445 0.810881 0.811316 0.811751 0.812186 0.812621 0.813056 0.813491 0.813927 0.814362 0.814797 0.815232 0.815667 0.816102 0.816537 0.816973 0.817408 0.817843 0.818278 0.818713 0.819148 0.819583 0.820019 0.820454 0.820889 0.821324 
76 0.799852 0.800276 0.800700 0.801124 0.801547 0.801971 0.802395 0.802819 0.803242 0.803666 0.804090 0.804514 0.804938 0.805361 0.805785 0.806209 0.806633 0.807056 0.807480 0.807904 0.808328 0.808751 0.809175 0.809599 0.810023 0.810446 
77 0.789533 0.789945 0.790358 0.790771 0.791184 0.791597 0.792010 0.792422 0.792835 0.793248 0.793661 0.794074 0.794486 0.794899 0.795312 0.795725 0.796138 0.796551 0.796963 0.797376 0.797789 0.798202 0.798615 0.799028 0.799440 0.799853 
78 0.779476 0.779878 0.780280 0.780683 0.781085 0.781487 0.781890 0.782292 0.782694 0.783096 0.783499 0.783901 0.784303 0.784706 0.785108 0.785510 0.785913 0.786315 0.786717 0.787120 0.787522 0.787924 0.788326 0.788729 0.789131 0.789533 
79 0.769672 0.770064 0.770456 0.770848 0.771240 0.771633 0.772025 0.772417 0.772809 0.773201 0.773594 0.773986 0.774378 0.774770 0.775162 0.775555 0.775947 0.776339 0.776731 0.777123 0.777516 0.777908 0.778300 0.778692 0.779084 0.779476 
80 0.760111 0.760494 0.760876 0.761259 0.761641 0.762024 0.762406 0.762788 0.763171 0.763553 0.763936 0.764318 0.764701 0.765083 0.765466 0.765848 0.766230 0.766613 0.766995 0.767378 0.767760 0.768143 0.768525 0.768908 0.769290 0.769672 
81 0.750786 0.751159 0.751532 0.751905 0.752278 0.752651 0.753024 0.753397 0.753770 0.754143 0.754516 0.754889 0.755262 0.755635 0.756008 0.756381 0.756755 0.757128 0.757501 0.757874 0.758247 0.758620 0.758993 0.759366 0.759739 0.760112 
82 0.741686 0.742050 0.742414 0.742778 0.743142 0.743506 0.743870 0.744234 0.744598 0.744962 0.745326 0.745690 0.746054 0.746418 0.746782 0.747146 0.747510 0.747874 0.748238 0.748602 0.748966 0.749330 0.749694 0.750058 0.750422 0.750786 
83 0.732804 0.733159 0.733515 0.733870 0.734225 0.734580 0.734936 0.735291 0.735646 0.736002 0.736357 0.736712 0.737068 0.737423 0.737778 0.738133 0.738489 0.738844 0.739199 0.739555 0.739910 0.740265 0.740621 0.740976 0.741331 0.741686 
84 0.724132 0.724479 0.724826 0.725173 0.725520 0.725867 0.726214 0.726561 0.726907 0.727254 0.727601 0.727948 0.728295 0.728642 0.728989 0.729336 0.729683 0.730030 0.730376 0.730723 0.731070 0.731417 0.731764 0.732111 0.732458 0.732805 
85 0.715664 0.716002 0.716341 0.716680 0.717019 0.717357 0.717696 0.718035 0.718374 0.718713 0.719051 0.719390 0.719729 0.720068 0.720406 0.720745 0.721084 0.721423 0.721762 0.722100 0.722439 0.722778 0.723117 0.723455 0.723794 0.724133 
86 0.707391 0.707722 0.708052 0.708383 0.708714 0.709045 0.709376 0.709707 0.710038 0.710369 0.710700 0.711031 0.711362 0.711693 0.712024 0.712355 0.712686 0.713017 0.713348 0.713678 0.714009 0.714340 0.714671 0.715002 0.715333 0.715664 
87 0.699307 0.699630 0.699953 0.700277 0.700600 0.700924 0.701247 0.701570 0.701894 0.702217 0.702540 0.702864 0.703187 0.703511 0.703834 0.704157 0.704481 0.704804 0.705127 0.705451 0.705774 0.706098 0.706421 0.706744 0.707068 0.707391 
88 0.691405 0.691721 0.692038 0.692354 0.692670 0.692986 0.693302 0.693618 0.693934 0.694250 0.694566 0.694882 0.695198 0.695514 0.695830 0.696146 0.696463 0.696779 0.697095 0.697411 0.697727 0.698043 0.698359 0.698675 0.698991 0.699307 
89 0.683681 0.683990 0.684299 0.684608 0.684917 0.685226 0.685535 0.685844 0.686153 0.686462 0.686771 0.687080 0.687389 0.687698 0.688007 0.688316 0.688625 0.688934 0.689243 0.689552 0.689861 0.690170 0.690479 0.690788 0.691097 0.691406 
90 0.676127 0.676429 0.676731 0.677033 0.677335 0.677638 0.677940 0.678242 0.678544 0.678846 0.679148 0.679451 0.679753 0.680055 0.680357 0.680659 0.680962 0.681264 0.681566 0.681868 0.682170 0.682472 0.682775 0.683077 0.683379 0.683681 
91 0.668738 0.669033 0.669329 0.669624 0.669920 0.670216 0.670511 0.670807 0.671102 0.671398 0.671694 0.671989 0.672285 0.672580 0.672876 0.673171 0.673467 0.673763 0.674058 0.674354 0.674649 0.674945 0.675240 0.675536 0.675832 0.676127 
92 0.661509 0.661798 0.662087 0.662376 0.662665 0.662955 0.663244 0.663533 0.663822 0.664111 0.664400 0.664690 0.664979 0.665268 0.665557 0.665846 0.666136 0.666425 0.666714 0.667003 0.667292 0.667581 0.667871 0.668160 0.668449 0.668738 
93 0.654434 0.654717 0.655000 0.655283 0.655566 0.655849 0.656132 0.656415 0.656698 0.656981 0.657264 0.657547 0.657830 0.658113 0.658396 0.658679 0.658962 0.659245 0.659528 0.659811 0.660094 0.660377 0.660660 0.660943 0.661226 0.661509 
94 0.647509 0.647786 0.648063 0.648340 0.648617 0.648894 0.649171 0.649448 0.649725 0.650002 0.650279 0.650556 0.650833 0.651110 0.651387 0.651664 0.651941 0.652218 0.652495 0.652772 0.653049 0.653326 0.653603 0.653880 0.654157 0.654434 
95 0.640729 0.641001 0.641272 0.641543 0.641814 0.642085 0.642357 0.642628 0.642899 0.643170 0.643441 0.643713 0.643984 0.644255 0.644526 0.644798 0.645069 0.645340 0.645611 0.645882 0.646154 0.646425 0.646696 0.646967 0.647238 0.647510 
96 0.634090 0.634356 0.634621 0.634887 0.635152 0.635418 0.635684 0.635949 0.636215 0.636480 0.636746 0.637012 0.637277 0.637543 0.637808 0.638074 0.638339 0.638605 0.638871 0.639136 0.639402 0.639667 0.639933 0.640199 0.640464 0.640730 
97 0.627587 0.627847 0.628107 0.628367 0.628628 0.628888 0.629148 0.629408 0.629668 0.629928 0.630188 0.630448 0.630709 0.630969 0.631229 0.631489 0.631749 0.632009 0.632269 0.632530 0.632790 0.633050 0.633310 0.633570 0.633830 0.634090 
98 0.621216 0.621471 0.621726 0.621980 0.622235 0.622490 0.622745 0.623000 0.623255 0.623510 0.623764 0.624019 0.624274 0.624529 0.624784 0.625039 0.625294 0.625548 0.625803 0.626058 0.626313 0.626568 0.626823 0.627078 0.627332 0.627587 
99 0.614973 0.615223 0.615472 0.615722 0.615972 0.616221 0.616471 0.616721 0.616971 0.617220 0.617470 0.617720 0.617970 0.618219 0.618469 0.618719 0.618969 0.619218 0.619468 0.619718 0.619967 0.620217 0.620467 0.620717 0.620966 0.621216 
100 0.608854 0.609099 0.609344 0.609588 0.609833 0.610078 0.610323 0.610567 0.610812 0.611057 0.611302 0.611546 0.611791 0.612036 0.612281 0.612525 0.612770 0.613015 0.613260 0.613505 0.613749 0.613994 0.614239 0.614484 0.614728 0.614973 
101 0.602856 0.603096 0.603336 0.603576 0.603815 0.604055 0.604295 0.604535 0.604775 0.605015 0.605255 0.605495 0.605735 0.605975 0.606215 0.606455 0.606695 0.606935 0.607175 0.607415 0.607655 0.607894 0.608134 0.608374 0.608614 0.608854 
102 0.596974 0.597210 0.597445 0.597680 0.597916 0.598151 0.598386 0.598621 0.598857 0.599092 0.599327 0.599562 0.599798 0.600033 0.600268 0.600503 0.600739 0.600974 0.601209 0.601444 0.601680 0.601915 0.602150 0.602385 0.602621 0.602856 
103 0.591207 0.591438 0.591668 0.591899 0.592130 0.592360 0.592591 0.592822 0.593053 0.593283 0.593514 0.593745 0.593975 0.594206 0.594437 0.594668 0.594898 0.595129 0.595360 0.595590 0.595821 0.596052 0.596283 0.596513 0.596744 0.596975 
104 0.585550 0.585776 0.586002 0.586229 0.586455 0.586681 0.586907 0.587134 0.587360 0.587586 0.587813 0.588039 0.588265 0.588492 0.588718 0.588944 0.589170 0.589397 0.589623 0.589849 0.590076 0.590302 0.590528 0.590755 0.590981 0.591207 
105 0.580000 0.580222 0.580444 0.580666 0.580888 0.581110 0.581332 0.581554 0.581776 0.581998 0.582220 0.582442 0.582664 0.582886 0.583108 0.583330 0.583552 0.583774 0.583996 0.584218 0.584440 0.584662 0.584884 0.585106 0.585328 0.585550 
106 0.574554 0.574772 0.574990 0.575207 0.575425 0.575643 0.575861 0.576079 0.576297 0.576514 0.576732 0.576950 0.577168 0.577386 0.577604 0.577822 0.578039 0.578257 0.578475 0.578693 0.578911 0.579129 0.579346 0.579564 0.579782 0.580000 
107 0.569209 0.569423 0.569637 0.569851 0.570065 0.570278 0.570492 0.570706 0.570920 0.571134 0.571347 0.571561 0.571775 0.571989 0.572202 0.572416 0.572630 0.572844 0.573058 0.573271 0.573485 0.573699 0.573913 0.574127 0.574340 0.574554 
108 0.563964 0.564173 0.564383 0.564593 0.564803 0.565013 0.565223 0.565432 0.565642 0.565852 0.566062 0.566272 0.566482 0.566692 0.566901 0.567111 0.567321 0.567531 0.567741 0.567951 0.568160 0.568370 0.568580 0.568790 0.569000 0.569210 
109 0.558813 0.559019 0.559225 0.559431 0.559637 0.559843 0.560049 0.560255 0.560462 0.560668 0.560874 0.561080 0.561286 0.561492 0.561698 0.561904 0.562110 0.562316 0.562522 0.562728 0.562934 0.563140 0.563346 0.563552 0.563758 0.563964 
110 0.553756 0.553959 0.554161 0.554363 0.554566 0.554768 0.554970 0.555172 0.555375 0.555577 0.555779 0.555982 0.556184 0.556386 0.556588 0.556791 0.556993 0.557195 0.557398 0.557600 0.557802 0.558004 0.558207 0.558409 0.558611 0.558814 
111 0.548790 0.548989 0.549188 0.549386 0.549585 0.549784 0.549982 0.550181 0.550379 0.550578 0.550777 0.550975 0.551174 0.551373 0.551571 0.551770 0.551969 0.552167 0.552366 0.552565 0.552763 0.552962 0.553161 0.553359 0.553558 0.553757 
