58 1.055023
59 1.037142
60 1.019856
61 1.003137
62 0.986957
63 0.971291
64 0.956115
65 0.941405
66 0.927142
67 0.913304
68 0.899873
69 0.886831
70 0.874162
71 0.861850
72 0.849880
73 0.838238
74 0.826910
75 0.815885
76 0.805149
77 0.794693
78 0.784505
79 0.774574
80 0.764892
81 0.755449
82 0.746236
83 0.737245
84 0.728468
85 0.719898
86 0.711527
87 0.703349
88 0.695356
89 0.687543
90 0.679904
91 0.672432
92 0.665123
93 0.657972
94 0.650972
95 0.644120
96 0.637410
97 0.630839
98 0.624402
99 0.618094
100 0.611914
101 0.605855
102 0.599915
103 0.594091
104 0.588378
105 0.582775
106 0.577277
107 0.571882
108 0.566587
109 0.561389
110 0.556285
111 0.551273
