35 1.723348 1.739999 1.756650 1.773300 
36 1.676152 1.691891 1.707629 1.723368 
37 1.631471 1.646371 1.661270 1.676169 
38 1.589111 1.603236 1.617361 1.631487 
39 1.548894 1.562304 1.575714 1.589125 
40 1.510662 1.523410 1.536158 1.548906 
41 1.474271 1.486405 1.498539 1.510673 
42 1.439593 1.451155 1.462718 1.474281 
43 1.406508 1.417539 1.428570 1.439602 
44 1.374909 1.385445 1.395980 1.406516 
45 1.344699 1.354772 1.364844 1.374917 
46 1.315788 1.325427 1.335067 1.344706 
47 1.288093 1.297327 1.306561 1.315794 
48 1.261540 1.270393 1.279246 1.288099 
49 1.236060 1.244556 1.253051 1.261546 
50 1.211589 1.219748 1.227906 1.236065 
51 1.188067 1.195909 1.203751 1.211594 
52 1.165442 1.172985 1.180528 1.188072 
53 1.143662 1.150923 1.158185 1.165446 
54 1.122681 1.129676 1.136671 1.143666 
55 1.102456 1.109199 1.115941 1.122684 
56 1.082946 1.089451 1.095955 1.102459 
57 1.064116 1.070394 1.076672 1.082949 
58 1.045928 1.051992 1.058055 1.064118 
59 1.028352 1.034212 1.040071 1.045931 
60 1.011357 1.017023 1.022689 1.028355 
61 0.994915 1.000396 1.005878 1.011359 
62 0.978998 0.984304 0.989610 0.994917 
63 0.963583 0.968722 0.973861 0.979000 
64 0.948645 0.953625 0.958605 0.963585 
