([0.0, 1556.1534378316594, 0.0, 1550.8041003560911, 0.0, 1554.8076653907167], [0.0, 232.5686895368292, 232.5686895368292, 256.67619648551914, 25.834588402880257, -205.60296174003832], [0.0, 0.0, 0.0, -148.04647524355417, -145.1447608639148, -142.23555540127654], array([ -142.2355554 ,  -205.60296174,  1554.80766539]), array([ 0.00185071, -0.14723043,  0.98910049]))
([0.0, 1556.1534378316594, 0.0, 1553.8933712342273, 0.0, 1557.5954671918398], [0.0, 232.5686895368292, 232.5686895368292, 256.75492039937274, 25.018420757315425, -207.27018289293051], [0.0, 0.0, 0.0, -57.308134514492764, -53.2568264597762, -49.195866307013496], array([  -49.19586631,  -207.27018289,  1557.59546719]), array([ 0.00257867, -0.14750109,  0.98905853]))
([0.0, 1556.1534378316594, 0.0, 1553.9171164366364, 0.0, 1557.2664553776049], [0.0, 232.5686895368292, 232.5686895368292, 256.75373563919089, 25.032782409227025, -207.18762603870317], [0.0, 0.0, 0.0, 55.909717333986165, 61.349618743623317, 66.801245407737426], array([   66.80124541,  -207.18762604,  1557.26645538]), array([ 0.00346246, -0.14748881,  0.98905766]))
([0.0, 1556.1534378316594, 0.0, 1545.250063477996, 0.0, 1548.2399049719509], [0.0, 232.5686895368292, 232.5686895368292, 256.52732898448608, 27.376167459818731, -202.21836932643726], [0.0, 0.0, 0.0, 233.6150459062579, 241.15419454703306, 248.70793037985436], array([  248.70793038,  -202.21836933,  1548.23990497]), array([ 0.00482608, -0.14668803,  0.98917103]))
([0.0, 1556.1534378316594, 0.0, 1550.9747159011722, 0.0, 1554.9652061795791], [0.0, 232.5686895368292, 232.5686895368292, 256.68055576231984, 25.789468408415729, -205.69567675314335], [0.0, 0.0, 0.0, -144.55589960715383, -141.60924166032481, -138.65500228114229], array([ -138.65500228,  -205.69567675,  1554.96520618]), array([ 0.00187916, -0.14724544,  0.9890982 ]))
([0.0, 1556.1534378316594, 0.0, 1553.9191183744838, 0.0, 1557.6169330112489], [0.0, 232.5686895368292, 232.5686895368292, 256.75556857621655, 25.011696050842858, -207.28365040497667], [0.0, 0.0, 0.0, -55.925233309423781, -51.856665646120227, -47.778416134592959], array([  -47.77841613,  -207.2836504 ,  1557.61693301]), array([ 0.00258961, -0.14750328,  0.98905818]))
([0.0, 1556.1534378316594, 0.0, 1553.9501749227989, 0.0, 1557.3052078969495], [0.0, 232.5686895368292, 232.5686895368292, 256.75462512757179, 25.023489209335423, -207.207962365535], [0.0, 0.0, 0.0, 54.086063034615933, 59.504004715569216, 64.933643922791347], array([   64.93364392,  -207.20796237,  1557.3052079 ]), array([ 0.00344841, -0.14749209,  0.98905722]))
([0.0, 1556.1534378316594, 0.0, 1546.1156566919487, 0.0, 1549.1037500837492], [0.0, 232.5686895368292, 232.5686895368292, 256.54965798321467, 27.146626094104221, -202.69976052120666], [0.0, 0.0, 0.0, 222.57706101362479, 229.98530763247891, 237.40787176546647], array([  237.40787177,  -202.69976052,  1549.10375008]), array([ 0.00473958, -0.14676541,  0.98915997]))
([0.0, 1556.1534378316594, 0.0, 1551.1331582610139, 0.0, 1555.111379436617], [0.0, 232.5686895368292, 232.5686895368292, 256.68460406888863, 25.747557788802709, -205.78177719509287], [0.0, 0.0, 0.0, -141.23430172922426, -138.24494016842289, -135.2479117342784], array([ -135.24791173,  -205.7817772 ,  1555.11137944]), array([ 0.0019062 , -0.14725939,  0.98909607]))
([0.0, 1556.1534378316594, 0.0, 1553.9429591846281, 0.0, 1557.6367141238491], [0.0, 232.5686895368292, 232.5686895368292, 256.75616829092326, 25.00547448130834, -207.29609557821496], [0.0, 0.0, 0.0, -54.613310438960781, -50.528375678069338, -46.433730941750383], array([  -46.43373094,  -207.29609558,  1557.63671412]), array([ 0.00259999, -0.14750531,  0.98905785]))
([0.0, 1556.1534378316594, 0.0, 1553.9802821198057, 0.0, 1557.3406792662365], [0.0, 232.5686895368292, 232.5686895368292, 256.75543614371264, 25.015014430219878, -207.22653323757163], [0.0, 0.0, 0.0, 52.369762094166923, 57.76702434103089, 63.175957871540852], array([   63.17595787,  -207.22653324,  1557.34067927]), array([ 0.00343518, -0.14749508,  0.98905682]))
([0.0, 1556.1534378316594, 0.0, 1546.8486662312985, 0.0, 1549.8396051609855], [0.0, 232.5686895368292, 232.5686895368292, 256.56860461091713, 26.951602839033285, -203.1093792940263], [0.0, 0.0, 0.0, 212.740782893415, 220.03292212641159, 227.33916121519161], array([  227.33916122,  -203.10937929,  1549.83960516]), array([ 0.00466304, -0.14683129,  0.98915056]))
([0.0, 1556.1534378316594, 0.0, 1551.280578238315, 0.0, 1555.2472582469461], [0.0, 232.5686895368292, 232.5686895368292, 256.68837071733583, 25.708555136731462, -205.86188410648677], [0.0, 0.0, 0.0, -138.06952122386718, -135.03952881223395, -132.00178860146357], array([ -132.0017886 ,  -205.86188411,  1555.24725825]), array([ 0.00193192, -0.14727237,  0.98909409]))
([0.0, 1556.1534378316594, 0.0, 1553.9650800258075, 0.0, 1557.654979891985], [0.0, 232.5686895368292, 232.5686895368292, 256.75672430307981, 24.999706632308317, -207.30761953604852], [0.0, 0.0, 0.0, -53.367022355494107, -49.266545327474091, -45.156331690934721], array([  -45.15633169,  -207.30761954,  1557.65497989]), array([ 0.00260984, -0.14750719,  0.98905754]))
([0.0, 1556.1534378316594, 0.0, 1554.0077763590848, 0.0, 1557.3732354080294], [0.0, 232.5686895368292, 232.5686895368292, 256.75617762783378, 25.007264948479474, -207.2435380605919], [0.0, 0.0, 0.0, 50.751546405971361, 56.129299995763468, 61.518699994123857], array([   61.51869999,  -207.24353806,  1557.37323541]), array([ 0.0034227 , -0.14749782,  0.98905646]))
([0.0, 1556.1534378316594, 0.0, 1547.4782459209921, 0.0, 1550.4749797576092], [0.0, 232.5686895368292, 232.5686895368292, 256.58490641125559, 26.783615939811284, -203.46269099934059], [0.0, 0.0, 0.0, 203.88205822515201, 211.0699599431988, 218.27178122900011], array([  218.27178123,  -203.462691  ,  1550.47497976]), array([ 0.00459448, -0.14688814,  0.98914244]))
([0.0, 1556.1534378316594, 0.0, 1551.4179921203324, 0.0, 1555.3737911678545], [0.0, 232.5686895368292, 232.5686895368292, 256.69188160827099, 25.672193976669178, -205.93654667928422], [0.0, 0.0, 0.0, -135.05055083710087, -131.98184974925158, -128.90532410032196], array([ -128.9053241 ,  -205.93654668,  1555.37379117]), array([ 0.00195642, -0.14728447,  0.98909224]))
([0.0, 1556.1534378316594, 0.0, 1553.9856448704188, 0.0, 1557.6718790101916], [0.0, 232.5686895368292, 232.5686895368292, 256.75724079909747, 24.994349036789117, -207.31831117850768], [0.0, 0.0, 0.0, -52.18155014329195, -48.066294690393505, -43.941277374382338], array([  -43.94127737,  -207.31831118,  1557.67187901]), array([ 0.00261922, -0.14750894,  0.98905725]))
([0.0, 1556.1534378316594, 0.0, 1554.0329488654259, 0.0, 1557.4031921843814], [0.0, 232.5686895368292, 232.5686895368292, 256.75685728049149, 25.000160538796734, -207.25914875006902], [0.0, 0.0, 0.0, 49.223191577656301, 54.582509997630154, 59.953451213061633], array([   59.95345121,  -207.25914875,  1557.40319218]), array([ 0.00341091, -0.14750033,  0.98905612]))
([0.0, 1556.1534378316594, 0.0, 1548.0251529503394, 0.0, 1551.0295791504216], [0.0, 232.5686895368292, 232.5686895368292, 256.59908974679087, 26.637316723958151, -203.77076892794938], [0.0, 0.0, 0.0, 195.83666202796357, 202.93009606459535, 210.03729712499128], array([  210.03729712,  -203.77076893,  1551.02957915]), array([ 0.00453246, -0.14693774,  0.98913536]))
([0.0, 1556.1534378316594, 0.0, 1551.5463002992626, 0.0, 1555.4918192862253], [0.0, 232.5686895368292, 232.5686895368292, 256.69515970060388, 25.638237976528501, -206.00625207957518], [0.0, 0.0, 0.0, -132.16740165698056, -129.06177802647017, -125.94825692167996], array([ -125.94825692,  -206.00625208,  1555.49181929]), array([ 0.00197979, -0.14729577,  0.98909051]))
([0.0, 1556.1534378316594, 0.0, 1554.0047984709049, 0.0, 1557.6875424555485], [0.0, 232.5686895368292, 232.5686895368292, 256.75772147340632, 24.989363334709708, -207.3282489167193], [0.0, 0.0, 0.0, -51.052536526882918, -46.923211386136444, -42.784100402168839], array([  -42.7841004 ,  -207.32824892,  1557.68754246]), array([ 0.00262814, -0.14751056,  0.98905699]))
([0.0, 1556.1534378316594, 0.0, 1554.0560514308565, 0.0, 1557.4308234469213], [0.0, 232.5686895368292, 232.5686895368292, 256.75748176387339, 24.993631781877184, -207.27351417489066], [0.0, 0.0, 0.0, 47.777373121261753, 53.11924312484031, 58.472713477958983], array([   58.47271348,  -207.27351417,  1557.43082345]), array([ 0.00339975, -0.14750265,  0.98905582]))
([0.0, 1556.1534378316594, 0.0, 1548.5047013179856, 0.0, 1551.5180232950352], [0.0, 232.5686895368292, 232.5686895368292, 256.6115437948626, 26.508744283572014, -204.04182514547074], [0.0, 0.0, 0.0, 188.4799021920515, 195.48707108337555, 202.50787561687699], array([  202.50787562,  -204.04182515,  1551.5180233 ]), array([ 0.00447593, -0.1469814 ,  0.98912913]))
([0.0, 1556.1534378316594, 0.0, 1551.6663029292395, 0.0, 1555.602090595524], [0.0, 232.5686895368292, 232.5686895368292, 256.69822540700812, 25.606476913298081, -206.07143372866813], [0.0, 0.0, 0.0, -129.41098693827914, -126.27010365456474, -123.12125354856003], array([ -123.12125355,  -206.07143373,  1555.6020906 ]), array([ 0.00200211, -0.14730634,  0.98908889]))
([0.0, 1556.1534378316594, 0.0, 1554.0226690108873, 0.0, 1557.7020859579309], [0.0, 232.5686895368292, 232.5686895368292, 256.75816959643254, 24.984715567678762, -207.33750212561731], [0.0, 0.0, 0.0, -49.976031761105595, -45.833295753087839, -41.680751102391319], array([  -41.6807511 ,  -207.33750213,  1557.70208596]), array([ 0.00263664, -0.14751207,  0.98905674]))
([0.0, 1556.1534378316594, 0.0, 1554.0773026586162, 0.0, 1557.4563676082162], [0.0, 232.5686895368292, 232.5686895368292, 256.75805686574881, 24.987618359999686, -207.28676378083654], [0.0, 0.0, 0.0, 46.40754592844366, 51.73287668835232, 57.069786433736837], array([   57.06978643,  -207.28676378,  1557.45636761]), array([ 0.00338918, -0.14750478,  0.98905554]))
([0.0, 1556.1534378316594, 0.0, 1548.9285096889225, 0.0, 1551.9514625317195], [0.0, 232.5686895368292, 232.5686895368292, 256.62256441341322, 26.394883101057758, -204.28212006144139], [0.0, 0.0, 0.0, 181.71442373860705, 188.64232410689397, 195.58374525162856], array([  195.58374525,  -204.28212006,  1551.95146253]), array([ 0.00442406, -0.14702011,  0.98912361]))
([0.0, 1556.1534378316594, 0.0, 1551.7787131507671, 0.0, 1555.7052721650664], [0.0, 232.5686895368292, 232.5686895368292, 256.70109692827816, 25.576723259117188, -206.13247831441186], [0.0, 0.0, 0.0, -126.77302159244827, -123.59842959891232, -120.41580474430971], array([ -120.41580474,  -206.13247831,  1555.70527217]), array([ 0.00202345, -0.14731624,  0.98908737]))
([0.0, 1556.1534378316594, 0.0, 1554.0393703414272, 0.0, 1557.7156120780382], [0.0, 232.5686895368292, 232.5686895368292, 256.7585880718924, 24.980375584428003, -207.34613236751767], [0.0, 0.0, 0.0, -48.948446972951686, -44.792913592463215, -40.627549865625234], array([  -40.62754987,  -207.34613237,  1557.71561208]), array([ 0.00264476, -0.14751348,  0.98905651]))
([0.0, 1556.1534378316594, 0.0, 1554.0968930901579, 0.0, 1557.4800330385403], [0.0, 232.5686895368292, 232.5686895368292, 256.75858763405637, 24.982067657648116, -207.29901056562085], [0.0, 0.0, 0.0, 45.107842722166346, 50.417473799812988, 55.738663503623691], array([   55.7386635 ,  -207.29901057,  1557.48003304]), array([ 0.00337914, -0.14750676,  0.98905528]))
([0.0, 1556.1534378316594, 0.0, 1549.3055946105017, 0.0, 1552.3385922996656], [0.0, 232.5686895368292, 232.5686895368292, 256.63238162368299, 26.293385556619455, -204.49653358541778], [0.0, 0.0, 0.0, 175.46249412983028, 182.31717160388627, 189.18526813549366], array([  189.18526814,  -204.49653359,  1552.3385923 ]), array([ 0.00437621, -0.14705466,  0.98911869]))
([0.0, 1556.1534378316594, 0.0, 1551.8841683070848, 0.0, 1555.8019604833962], [0.0, 232.5686895368292, 232.5686895368292, 256.70379053718932, 25.548809280596629, -206.1897317516399], [0.0, 0.0, 0.0, -124.24593491815364, -121.03908322090997, -117.82413570134489], array([ -117.8241357 ,  -206.18973175,  1555.80196048]), array([ 0.00204387, -0.14732552,  0.98908595]))
([0.0, 1556.1534378316594, 0.0, 1554.0550038696001, 0.0, 1557.7282119620927], [0.0, 232.5686895368292, 232.5686895368292, 256.75897948519696, 24.976316538450931, -207.35419442597501], [0.0, 0.0, 0.0, -47.966513782445958, -43.798755272210691, -39.621145730802631], array([  -39.62114573,  -207.35419443,  1557.72821196]), array([ 0.00265251, -0.14751479,  0.98905629]))
([0.0, 1556.1534378316594, 0.0, 1554.1149894171679, 0.0, 1557.5020025232836], [0.0, 232.5686895368292, 232.5686895368292, 256.75907848767361, 24.976933609365915, -207.31035353178092], [0.0, 0.0, 0.0, 43.872988067998826, 49.16769637965762, 54.473943893091551], array([   54.47394389,  -207.31035353,  1557.50200252]), array([ 0.00336961, -0.14750858,  0.98905504]))
([0.0, 1556.1534378316594, 0.0, 1549.6430851510677, 0.0, 1552.6863191618938], [0.0, 232.5686895368292, 232.5686895368292, 256.64117760549988, 26.202390011322592, -204.68893995376573], [0.0, 0.0, 0.0, 169.6608983581518, 176.44763323977051, 183.24769610807991], array([  183.24769611,  -204.68893995,  1552.68631916]), array([ 0.00433187, -0.14708567,  0.98911427]))
([0.0, 1556.1534378316594, 0.0, 1551.9832394976038, 0.0, 1555.8926902831947], [0.0, 232.5686895368292, 232.5686895368292, 256.70632082047314, 25.522584564287911, -206.24350426911661], [0.0, 0.0, 0.0, -121.82279456962702, -118.58503913266554, -115.33912777931629], array([ -115.33912778,  -206.24350427,  1555.89269028]), array([ 0.00206343, -0.14733424,  0.98908461]))
([0.0, 1556.1534378316594, 0.0, 1554.0696601618042, 0.0, 1557.7399668303206], [0.0, 232.5686895368292, 232.5686895368292, 256.75934614454087, 24.972514461527112, -207.36173718328669], [0.0, 0.0, 0.0, -47.027249236760802, -42.847800212617059, -38.658480421404583], array([  -38.65848042,  -207.36173718,  1557.73996683]), array([ 0.00265993, -0.14751602,  0.98905609]))
([0.0, 1556.1534378316594, 0.0, 1554.1317379825996, 0.0, 1557.5224369632656], [0.0, 232.5686895368292, 232.5686895368292, 256.75953330841764, 24.972175742783378, -207.32087972337072], [0.0, 0.0, 0.0, 42.698225218823765, 47.978731146988075, 53.270757724033324], array([   53.27075772,  -207.32087972,  1557.52243696]), array([ 0.00336053, -0.14751028,  0.98905481]))
([0.0, 1556.1534378316594, 0.0, 1549.9467072284956, 0.0, 1553.0002139966898], [0.0, 232.5686895368292, 232.5686895368292, 256.64909891284907, 26.120397172358224, -204.86246273224543], [0.0, 0.0, 0.0, 164.25743407206932, 170.98088021500712, 177.71757203162343], array([  177.71757203,  -204.86246273,  1553.000214  ]), array([ 0.00429062, -0.14711365,  0.98911029]))
([0.0, 1556.1534378316594, 0.0, 1552.0764397441978, 0.0, 1555.9779420984712], [0.0, 232.5686895368292, 232.5686895368292, 256.70870088583581, 25.497913898113637, -206.29407476670804], [0.0, 0.0, 0.0, -119.4972401002223, -116.22985177489099, -112.95425011488288], array([ -112.95425011,  -206.29407477,  1555.9779421 ]), array([ 0.00208219, -0.14734245,  0.98908335]))
([0.0, 1556.1534378316594, 0.0, 1554.0834203112854, 0.0, 1557.7509492433996], [0.0, 232.5686895368292, 232.5686895368292, 256.75969011593355, 24.968947900110322, -207.36880436817358], [0.0, 0.0, 0.0, -46.127925258015615, -41.937285943661358, -37.736757011588665], array([  -37.73675701,  -207.36880437,  1557.75094924]), array([ 0.00266702, -0.14751718,  0.9890559 ]))
([0.0, 1556.1534378316594, 0.0, 1554.1472676912078, 0.0, 1557.5414784631184], [0.0, 232.5686895368292, 232.5686895368292, 256.75995551762048, 24.967758381881055, -207.33066592339281], [0.0, 0.0, 0.0, 41.579253601025727, 46.846226374595076, 52.124702057891874], array([   52.12470206,  -207.33066592,  1557.54147846]), array([ 0.00335189, -0.14751185,  0.98905461]))
([0.0, 1556.1534378316594, 0.0, 1550.2211218639495, 0.0, 1553.2848297481698], [0.0, 232.5686895368292, 232.5686895368292, 256.65626501857338, 26.046183511896885, -205.01965357372774], [0.0, 0.0, 0.0, 159.20843011403156, 165.87272117301879, 172.55018289570822], array([  172.5501829 ,  -205.01965357,  1553.28482975]), array([ 0.0042521 , -0.14713899,  0.98910669]))
([0.0, 1556.1534378316594, 0.0, 1552.1642309984256, 0.0, 1556.0581487593274], [0.0, 232.5686895368292, 232.5686895368292, 256.71094253972586, 25.474675450929539, -206.341694560869], [0.0, 0.0, 0.0, -117.26342469540278, -113.9675963093283, -110.66349967145861], array([ -110.66349967,  -206.34169456,  1556.05814876]), array([ 0.00210019, -0.14735017,  0.98908216]))
([0.0, 1556.1534378316594, 0.0, 1554.0963571101397, 0.0, 1557.7612241850111], [0.0, 232.5686895368292, 232.5686895368292, 256.76001325319379, 24.965597603990375, -207.37543519553662], [0.0, 0.0, 0.0, -45.266041940105296, -41.06468106082621, -36.853412540308739], array([  -36.85341254,  -207.3754352 ,  1557.76122419]), array([ 0.00267382, -0.14751826,  0.98905572]))
([0.0, 1556.1534378316594, 0.0, 1554.1616924433579, 0.0, 1557.5592529203823], [0.0, 232.5686895368292, 232.5686895368292, 256.76034814021108, 24.963649980107846, -207.33978007552639], [0.0, 0.0, 0.0, 40.512175170497066, 45.766237616882442, 51.031785994878703], array([   51.03178599,  -207.33978008,  1557.55925292]), array([ 0.00334364, -0.14751332,  0.98905442]))
([0.0, 1556.1534378316594, 0.0, 1550.4701674957294, 0.0, 1553.5439299229856], [0.0, 232.5686895368292, 232.5686895368292, 256.66277444479408, 25.978739079814915, -205.16262073766759], [0.0, 0.0, 0.0, 154.47694334058238, 161.0857756394328, 167.70770975786937], array([  167.70770976,  -205.16262074,  1553.54392992]), array([ 0.00421602, -0.14716205,  0.98910341]))
([0.0, 1556.1534378316594, 0.0, 1552.2470301745307, 0.0, 1556.133700991913], [0.0, 232.5686895368292, 232.5686895368292, 256.71305644049863, 25.452759203047549, -206.38659061496534], [0.0, 0.0, 0.0, -115.11596393493737, -111.79281664674187, -108.46134853116784], array([ -108.46134853,  -206.38659061,  1556.13370099]), array([ 0.00211749, -0.14735746,  0.98908104]))
([0.0, 1556.1534378316594, 0.0, 1554.1085360520835, 0.0, 1557.7708499893997], [0.0, 232.5686895368292, 232.5686895368292, 256.76031722364286, 24.962446259555833, -207.38166491477324], [0.0, 0.0, 0.0, -44.439304139450627, -40.227661517251185, -36.006094004275802], array([  -36.006094  ,  -207.38166491,  1557.77084999]), array([ 0.00268035, -0.14751928,  0.98905555]))
([0.0, 1556.1534378316594, 0.0, 1554.1751131852402, 0.0, 1557.5758722062108], [0.0, 232.5686895368292, 232.5686895368292, 256.76071385867385, 24.959822558803097, -207.34828248131438], [0.0, 0.0, 0.0, 39.493448197631714, 44.735180953058723, 49.988383374807306], array([   49.98838337,  -207.34828248,  1557.57587221]), array([ 0.00333576, -0.14751469,  0.98905424]))
([0.0, 1556.1534378316594, 0.0, 1550.6970373830864, 0.0, 1553.7806565000594], [0.0, 232.5686895368292, 232.5686895368292, 256.66870925770257, 25.917221859125874, -205.29312351148448], [0.0, 0.0, 0.0, 150.03141880062091, 156.58811705120587, 163.15785354174506], array([  163.15785354,  -205.29312351,  1553.7806565 ]), array([ 0.00418214, -0.1471831 ,  0.98910042]))
([0.0, 1556.1534378316594, 0.0, 1552.3252143619247, 0.0, 1556.2049522629088], [0.0, 232.5686895368292, 232.5686895368292, 256.71505223082954, 25.432065588589893, -206.42896833448165], [0.0, 0.0, 0.0, -113.0498906090825, -109.70047961957908, -106.34269742239205], array([ -106.34269742,  -206.42896833,  1556.20495226]), array([ 0.00213411, -0.14736433,  0.98907998]))
([0.0, 1556.1534378316594, 0.0, 1554.1200161953379, 0.0, 1557.7798791395032], [0.0, 232.5686895368292, 232.5686895368292, 256.76060353021631, 24.959478260203639, -207.38752528172552], [0.0, 0.0, 0.0, -43.645600894506089, -39.424089780954468, -35.192637252369337], array([  -35.19263725,  -207.38752528,  1557.77987914]), array([ 0.00268661, -0.14752024,  0.98905539]))
([0.0, 1556.1534378316594, 0.0, 1554.1876196365101, 0.0, 1557.5914360096258], [0.0, 232.5686895368292, 232.5686895368292, 256.76105505857328, 24.956251233294466, -207.35622681140185], [0.0, 0.0, 0.0, 38.519847302831401, 43.749792553723786, 48.991191874286116], array([   48.99119187,  -207.35622681,  1557.59143601]), array([ 0.00332823, -0.14751596,  0.98905407]))
([0.0, 1556.1534378316594, 0.0, 1550.9044119605551, 0.0, 1553.9976556515758], [0.0, 232.5686895368292, 232.5686895368292, 256.67413842565691, 25.860923629121572, -205.41264289184468], [0.0, 0.0, 0.0, 145.84467481430281, 152.35224499871168, 158.8727943843283], array([  158.87279438,  -205.41264289,  1553.99765565]), array([ 0.00415024, -0.14720238,  0.98909769]))
([0.0, 1556.1534378316594, 0.0, 1552.3991253413615, 0.0, 1556.2722229826131], [0.0, 232.5686895368292, 232.5686895368292, 256.71693865252115, 25.412504317695777, -206.46901399277036], [0.0, 0.0, 0.0, -111.06061476572636, -107.68593446341431, -104.3028346341227], array([ -104.30283463,  -206.46901399,  1556.27222298]), array([ 0.00215011, -0.14737083,  0.98907897]))
([0.0, 1556.1534378316594, 0.0, 1554.1308509118896, 0.0, 1557.7883589553612], [0.0, 232.5686895368292, 232.5686895368292, 256.76087353062405, 24.956679507439645, -207.3930449668344], [0.0, 0.0, 0.0, -42.882987282583493, -38.651996460501678, -34.411048379702216], array([  -34.41104838,  -207.39304497,  1557.78835896]), array([ 0.00269262, -0.14752114,  0.98905524]))
([0.0, 1556.1534378316594, 0.0, 1554.1992917529485, 0.0, 1557.6060334040671], [0.0, 232.5686895368292, 232.5686895368292, 256.76137386713157, 24.952913811221379, -207.36366096340254], [0.0, 0.0, 0.0, 37.588428774013046, 42.80709359106681, 48.037197509199714], array([   48.03719751,  -207.36366096,  1557.6060334 ]), array([ 0.00332103, -0.14751716,  0.98905392]))
([0.0, 1556.1534378316594, 0.0, 1551.0945592222047, 0.0, 1554.197173428829], [0.0, 232.5686895368292, 232.5686895368292, 256.67912036957767, 25.809244013353776, -205.52243536706717], [0.0, 0.0, 0.0, 141.89312109926328, 148.3542935701262, 154.82839015665979], array([  154.82839016,  -205.52243537,  1554.19717343]), array([ 0.00412013, -0.14722009,  0.98909518]))
([0.0, 1556.1534378316594, 0.0, 1552.4690735113475, 0.0, 1556.3358041629135], [0.0, 232.5686895368292, 232.5686895368292, 256.71872364636835, 25.39399335147894, -206.50689684273354], [0.0, 0.0, 0.0, -109.14388829170174, -105.74487689935259, -102.33739959823909], array([ -102.3373996 ,  -206.50689684,  1556.33580416]), array([ 0.00216551, -0.14737698,  0.98907802]))
([0.0, 1556.1534378316594, 0.0, 1554.1410885329615, 0.0, 1557.7963321904242], [0.0, 232.5686895368292, 232.5686895368292, 256.76112845389179, 24.954037239103656, -207.39824990813199], [0.0, 0.0, 0.0, -42.149668383151941, -37.909564064250652, -33.659487282403106], array([  -33.65948728,  -207.39824991,  1557.79633219]), array([ 0.0026984 , -0.14752199,  0.9890551 ]))
([0.0, 1556.1534378316594, 0.0, 1554.2102009766372, 0.0, 1557.6197441827271], [0.0, 232.5686895368292, 232.5686895368292, 256.76167218615672, 24.949790449706285, -207.37062779356205], [0.0, 0.0, 0.0, 36.696500366217776, 41.904359683323825, 47.123643723637684], array([   47.12364372,  -207.37062779,  1557.61974418]), array([ 0.00331413, -0.14751828,  0.98905378]))
([0.0, 1556.1534378316594, 0.0, 1551.2694119758662, 0.0, 1554.3811296462864], [0.0, 232.5686895368292, 232.5686895368292, 256.68370492821691, 25.761670462574756, -205.62357443549698], [0.0, 0.0, 0.0, 138.156147424501, 144.57341243245884, 151.00354994132906], array([  151.00354994,  -205.62357444,  1554.38112965]), array([ 0.00409166, -0.14723641,  0.98909287]))
([0.0, 1556.1534378316594, 0.0, 1552.5353413107534, 0.0, 1556.3959606094916], [0.0, 232.5686895368292, 232.5686895368292, 256.7204144392602, 25.376458007537366, -206.54277096007038], [0.0, 0.0, 0.0, -107.29577343582095, -103.87331721587583, -100.44235052909609], array([ -100.44235053,  -206.54277096,  1556.39596061]), array([ 0.00218035, -0.14738281,  0.98907712]))
([0.0, 1556.1534378316594, 0.0, 1554.1507729168097, 0.0, 1557.8038375484955], [0.0, 232.5686895368292, 232.5686895368292, 256.76136941484134, 24.951539879075654, -207.40316361892789], [0.0, 0.0, 0.0, -41.443985067506127, -37.195112609144957, -32.936253085196157], array([  -32.93625309,  -207.40316362,  1557.80383755]), array([ 0.00270396, -0.14752279,  0.98905496]))
([0.0, 1556.1534378316594, 0.0, 1554.2204112973027, 0.0, 1557.632640001123], [0.0, 232.5686895368292, 232.5686895368292, 256.7619517200784, 24.946863363342629, -207.37716574125608], [0.0, 0.0, 0.0, 35.841594919031223, 41.039094201817079, 46.248004386243331], array([   46.24800439,  -207.37716574,  1557.63264   ]), array([ 0.00330751, -0.14751933,  0.98905364]))
([0.0, 1556.1534378316594, 0.0, 1551.4306280686187, 0.0, 1554.5511756667026], [0.0, 232.5686895368292, 232.5686895368292, 256.68793489213704, 25.71776261625061, -205.71698306903266], [0.0, 0.0, 0.0, 134.61563926440442, 140.99127653994688, 147.37973777244011], array([  147.37973777,  -205.71698307,  1554.55117567]), array([ 0.00406469, -0.14725148,  0.98909073]))
([0.0, 1556.1534378316594, 0.0, 1552.5981862110002, 0.0, 1556.4529337150768], [0.0, 232.5686895368292, 232.5686895368292, 256.72201762036548, 25.359830177196642, -206.57677685663313], [0.0, 0.0, 0.0, -105.51261476856462, -102.06755183729381, -98.613935599794985], array([  -98.6139356 ,  -206.57677686,  1556.45293372]), array([ 0.00219466, -0.14738833,  0.98907627]))
([0.0, 1556.1534378316594, 0.0, 1554.1599439335728, 0.0, 1557.8109101342825], [0.0, 232.5686895368292, 232.5686895368292, 256.76159742655284, 24.949176907796812, -207.40780745428961], [0.0, 0.0, 0.0, -40.764401375935861, -36.507086837601499, -32.239771197677875], array([  -32.2397712 ,  -207.40780745,  1557.81091013]), array([ 0.00270932, -0.14752355,  0.98905483]))
([0.0, 1556.1534378316594, 0.0, 1554.229980167665, 0.0, 1557.6447853582874], [0.0, 232.5686895368292, 232.5686895368292, 256.76221400007603, 24.944116572923491, -207.38330936575932], [0.0, 0.0, 0.0, 35.021447238664379, 40.209004880681931, 45.407960127293819], array([   45.40796013,  -207.38330937,  1557.64478536]), array([ 0.00330117, -0.14752032,  0.98905352]))
([0.0, 1556.1534378316594, 0.0, 1551.5796378849857, 0.0, 1554.7087401159895], [0.0, 232.5686895368292, 232.5686895368292, 256.69184721494099, 25.677139943616766, -205.80345938910546], [0.0, 0.0, 0.0, 131.25558953338125, 137.59169314126973, 143.94057489824652], array([  143.9405749 ,  -205.80345939,  1554.70874012]), array([ 0.00403909, -0.14726544,  0.98908876]))
([0.0, 1556.1534378316594, 0.0, 1552.6578433388236, 0.0, 1556.506943910076], [0.0, 232.5686895368292, 232.5686895368292, 256.72353920794501, 25.344047638757843, -206.60904289622587], [0.0, 0.0, 0.0, -103.79101414621582, -100.32413794004391, -96.848667209815801], array([  -96.84866721,  -206.6090429 ,  1556.50694391]), array([ 0.00220847, -0.14739357,  0.98907546]))
([0.0, 1556.1534378316594, 0.0, 1554.1686378974362, 0.0, 1557.8175818463333], [0.0, 232.5686895368292, 232.5686895368292, 256.76181341138602, 24.94693874786708, -207.41220084517207], [0.0, 0.0, 0.0, -40.109493279432009, -35.844044836374337, -31.568581790070851], array([  -31.56858179,  -207.41220085,  1557.81758185]), array([ 0.00271448, -0.14752427,  0.98905471]))
([0.0, 1556.1534378316594, 0.0, 1554.2389592858472, 0.0, 1557.6562384423628], [0.0, 232.5686895368292, 232.5686895368292, 256.76246040476281, 24.941535689948722, -207.38908980757904], [0.0, 0.0, 0.0, 34.233973781117236, 39.411983260585224, 44.601377542731534], array([   44.60137754,  -207.38908981,  1557.65623844]), array([ 0.00329507, -0.14752125,  0.9890534 ]))
([0.0, 1556.1534378316594, 0.0, 1551.7176821987941, 0.0, 1554.8550654231044], [0.0, 232.5686895368292, 232.5686895368292, 256.69547397961253, 25.639471875278502, -205.88369718422686], [0.0, 0.0, 0.0, 128.0617840392803, 134.36028343136806, 140.67151761829496], array([  140.67151762,  -205.88369718,  1554.85506542]), array([ 0.00401475, -0.14727838,  0.98908693]))
([0.0, 1556.1534378316594, 0.0, 1552.7145277808643, 0.0, 1556.5581928179515], [0.0, 232.5686895368292, 232.5686895368292, 256.72498470808625, 25.329053453498204, -206.63968654009133], [0.0, 0.0, 0.0, -102.12780830858834, -98.639870740425508, -95.143298962018335], array([  -95.14329896,  -206.63968654,  1556.55819282]), array([ 0.00222181, -0.14739854,  0.98907469]))
([0.0, 1556.1534378316594, 0.0, 1554.1768879414055, 0.0, 1557.8238817209169], [0.0, 232.5686895368292, 232.5686895368292, 256.76201821057424, 24.94481666439961, -207.41636150282906], [0.0, 0.0, 0.0, -39.477938651432282, -35.204647881026141, -30.921329510172043], array([  -30.92132951,  -207.4163615 ,  1557.82388172]), array([ 0.00271946, -0.14752495,  0.9890546 ]))
([0.0, 1556.1534378316594, 0.0, 1554.2473952716252, 0.0, 1557.6670518608187], [0.0, 232.5686895368292, 232.5686895368292, 256.7626921780577, 24.939107730422933, -207.39453518698863], [0.0, 0.0, 0.0, 33.477254747114046, 38.646086572431692, 43.826290866420443], array([   43.82629087,  -207.39453519,  1557.66705186]), array([ 0.00328921, -0.14752212,  0.98905329]))
([0.0, 1556.1534378316594, 0.0, 1551.8458426248717, 0.0, 1554.9912373004604], [0.0, 232.5686895368292, 232.5686895368292, 256.69884317676582, 25.60446984929888, -205.95830245921198], [0.0, 0.0, 0.0, 125.02154421992523, 131.28422219924485, 137.55959383242492], array([  137.55959383,  -205.95830246,  1554.9912373 ]), array([ 0.00399158, -0.14729042,  0.98908523]))
([0.0, 1556.1534378316594, 0.0, 1552.7684366139899, 0.0, 1556.6068651554042], [0.0, 232.5686895368292, 232.5686895368292, 256.72635916647044, 25.314795433124146, -206.66881544524551], [0.0, 0.0, 0.0, -100.52004879106593, -97.011763129692596, -93.494805020131551], array([  -93.49480502,  -206.66881545,  1556.60686516]), array([ 0.00223469, -0.14740327,  0.98907395]))
([0.0, 1556.1534378316594, 0.0, 1554.1847243465968, 0.0, 1557.8298362337462], [0.0, 232.5686895368292, 232.5686895368292, 256.76221259265247, 24.942802677492608, -207.42030559830386], [0.0, 0.0, 0.0, -38.868508300182107, -34.587651354539219, -30.296754287992226], array([  -30.29675429,  -207.4203056 ,  1557.82983623]), array([ 0.00272426, -0.1475256 ,  0.98905449]))
([0.0, 1556.1534378316594, 0.0, 1554.2553302554402, 0.0, 1557.6772732742754], [0.0, 232.5686895368292, 232.5686895368292, 256.76291044471725, 24.936820953066501, -207.39967095000108], [0.0, 0.0, 0.0, 32.749518260333375, 37.909521728711709, 43.080885774404507], array([   43.08088577,  -207.39967095,  1557.67727327]), array([ 0.00328358, -0.14752295,  0.98905318]))
([0.0, 1556.1534378316594, 0.0, 1551.965066327472, 0.0, 1555.1182087306784], [0.0, 232.5686895368292, 232.5686895368292, 256.70197933677252, 25.571880845793345, -206.02780689691673], [0.0, 0.0, 0.0, 122.12351490499599, 128.35202305691217, 134.59318572895165], array([  134.59318573,  -206.0278069 ,  1555.11820873]), array([ 0.00396949, -0.14730164,  0.98908365]))
([0.0, 1556.1534378316594, 0.0, 1552.8197506987442, 0.0, 1556.6531304112716], [0.0, 232.5686895368292, 232.5686895368292, 256.72766721411148, 25.301225669055611, -206.69652843533757], [0.0, 0.0, 0.0, -98.964983875453584, -95.43702737689155, -91.900361562993865], array([  -91.90036156,  -206.69652844,  1556.65313041]), array([ 0.00224714, -0.14740777,  0.98907325]))
([0.0, 1556.1534378316594, 0.0, 1554.1921748362661, 0.0, 1557.835469565347], [0.0, 232.5686895368292, 232.5686895368292, 256.76239726093985, 24.940889484559477, -207.42404792108042], [0.0, 0.0, 0.0, -38.280057933026235, -33.991896609634992, -29.693683095916249], array([  -29.6936831 ,  -207.42404792,  1557.83546957]), array([ 0.00272889, -0.14752621,  0.98905438]))
([0.0, 1556.1534378316594, 0.0, 1554.2628023849281, 0.0, 1557.6869459471393], [0.0, 232.5686895368292, 232.5686895368292, 256.76311622374902, 24.934664719517144, -207.40452016811523], [0.0, 0.0, 0.0, 32.049126350510697, 37.200631141019564, 42.363485036671435], array([   42.36348504,  -207.40452017,  1557.68694595]), array([ 0.00327815, -0.14752373,  0.98905308]))
([0.0, 1556.1534378316594, 0.0, 1552.076186226599, 0.0, 1555.2368196357986], [0.0, 232.5686895368292, 232.5686895368292, 256.70490404722443, 25.541482090483868, -206.09267889369946], [0.0, 0.0, 0.0, 119.35748783974918, 125.55335986824235, 131.76184911250505], array([  131.76184911,  -206.09267889,  1555.23681964]), array([ 0.00394841, -0.14731211,  0.98908218]))
([0.0, 1556.1534378316594, 0.0, 1552.8686362653259, 0.0, 1556.6971443336301], [0.0, 232.5686895368292, 232.5686895368292, 256.72891310783166, 25.288300115705255, -206.7229163605025], [0.0, 0.0, 0.0, -97.460042340928695, -93.913058657346809, -90.357330090048677], array([  -90.35733009,  -206.72291636,  1556.69714433]), array([ 0.00225919, -0.14741206,  0.98907259]))
([0.0, 1556.1534378316594, 0.0, 1554.1992648291871, 0.0, 1557.8408038348095], [0.0, 232.5686895368292, 232.5686895368292, 256.7625728600475, 24.939070392706412, -207.42760201799945], [0.0, 0.0, 0.0, -37.711520941214395, -33.4163036622273, -29.111022550620405], array([  -29.11102255,  -207.42760202,  1557.84080383]), array([ 0.00273337, -0.14752679,  0.98905428]))
([0.0, 1556.1534378316594, 0.0, 1554.2698462670578, 0.0, 1557.6961092279757], [0.0, 232.5686895368292, 232.5686895368292, 256.76331044011084, 24.932629372398623, -207.40910379971774], [0.0, 0.0, 0.0, 31.374562505137799, 36.517880124559085, 41.672535774308876], array([   41.67253577,  -207.4091038 ,  1557.69610923]), array([ 0.00327293, -0.14752447,  0.98905299]))
([0.0, 1556.1534378316594, 0.0, 1552.1799376438996, 0.0, 1555.3478131202048], [0.0, 232.5686895368292, 232.5686895368292, 256.70763637960414, 25.513076684548963, -206.15333267055587], [0.0, 0.0, 0.0, 116.71425388480714, 122.87891720253693, 129.05616210650572], array([  129.05616211,  -206.15333267,  1555.34781312]), array([ 0.00392825, -0.1473219 ,  0.9890808 ]))
([0.0, 1556.1534378316594, 0.0, 1552.9152463221019, 0.0, 1556.7390502496175], [0.0, 232.5686895368292, 232.5686895368292, 256.73010076620437, 25.275978220330586, -206.74806286097305], [0.0, 0.0, 0.0, -96.002818808262262, -92.437420196729221, -88.863242364793635], array([  -88.86324236,  -206.74806286,  1556.73905025]), array([ 0.00227085, -0.14741615,  0.98907195]))
([0.0, 1556.1534378316594, 0.0, 1554.2060176659852, 0.0, 1557.8458593063317], [0.0, 232.5686895368292, 232.5686895368292, 256.76273998166766, 24.937339258597007, -207.43098031644735], [0.0, 0.0, 0.0, -37.161901909192906, -32.859864618518088, -28.54775225781334], array([  -28.54775226,  -207.43098032,  1557.84585931]), array([ 0.0027377 , -0.14752734,  0.98905419]))
([0.0, 1556.1534378316594, 0.0, 1554.2764933526398, 0.0, 1557.7047989694488], [0.0, 232.5686895368292, 232.5686895368292, 256.76349393490426, 24.930706129052197, -207.4134409182183], [0.0, 0.0, 0.0, 30.724420588057722, 35.859845685639719, 41.006598115766501], array([   41.00659812,  -207.41344092,  1557.70479897]), array([ 0.00326789, -0.14752516,  0.9890529 ]))
([0.0, 1556.1534378316594, 0.0, 1552.2769721041595, 0.0, 1555.4518489732422], [0.0, 232.5686895368292, 232.5686895368292, 256.71019324338266, 25.486489975408546, -206.21013584458541], [0.0, 0.0, 0.0, 114.1854784112742, 120.3202642638457, 126.46759761280485], array([  126.46759761,  -206.21013584,  1555.45184897]), array([ 0.00390896, -0.14733107,  0.98907951]))
([0.0, 1556.1534378316594, 0.0, 1552.95972190559, 0.0, 1556.7789802389366], [0.0, 232.5686895368292, 232.5686895368292, 256.7312338014811, 25.264222594099436, -206.77204504600147], [0.0, 0.0, 0.0, -94.591060496876764, -91.007829847904858, -87.415786810998256], array([  -87.41578681,  -206.77204505,  1556.77898024]), array([ 0.00228214, -0.14742004,  0.98907134]))
([0.0, 1556.1534378316594, 0.0, 1554.2124548135657, 0.0, 1557.8506545720629], [0.0, 232.5686895368292, 232.5686895368292, 256.76289916976447, 24.935690434588167, -207.43419423412683], [0.0, 0.0, 0.0, -36.630270764818754, -32.321637751079557, -28.002918814053945], array([  -28.00291881,  -207.43419423,  1557.85065457]), array([ 0.00274188, -0.14752787,  0.9890541 ]))
([0.0, 1556.1534378316594, 0.0, 1554.2827722802072, 0.0, 1557.7130478964116], [0.0, 232.5686895368292, 232.5686895368292, 256.76366747441449, 24.928886987392218, -207.41754891309517], [0.0, 0.0, 0.0, 30.097394952823972, 35.225206517843148, 40.364335075683499], array([   40.36433508,  -207.41754891,  1557.7130479 ]), array([ 0.00326303, -0.14752582,  0.98905282]))
([0.0, 1556.1534378316594, 0.0, 1552.3678688507816, 0.0, 1555.5495149610222], [0.0, 232.5686895368292, 232.5686895368292, 256.71258968171441, 25.46156652419134, -206.26341575931065], [0.0, 0.0, 0.0, 111.76359560972267, 117.86974796129839, 123.98841514023412], array([  123.98841514,  -206.26341576,  1555.54951496]), array([ 0.00389048, -0.14733967,  0.9890783 ]))
([0.0, 1556.1534378316594, 0.0, 1553.0021931958524, 0.0, 1556.8170561797933], [0.0, 232.5686895368292, 232.5686895368292, 256.73231554806915, 25.252998718623985, -206.79493409938163], [0.0, 0.0, 0.0, -93.222655237897925, -89.622147941181467, -86.012796199769539], array([  -86.0127962 ,  -206.7949341 ,  1556.81705618]), array([ 0.00229308, -0.14742376,  0.98907076]))
([0.0, 1556.1534378316594, 0.0, 1554.2185960436402, 0.0, 1557.8552067143801], [0.0, 232.5686895368292, 232.5686895368292, 256.76305092513536, 24.934118721349137, -207.43725427601956], [0.0, 0.0, 0.0, -36.115757497646371, -31.80074215031992, -27.47563039126835], array([  -27.47563039,  -207.43725428,  1557.85520671]), array([ 0.00274594, -0.14752837,  0.98905401]))
([0.0, 1556.1534378316594, 0.0, 1554.2887091665962, 0.0, 1557.7208859295947], [0.0, 232.5686895368292, 232.5686895368292, 256.76383175786964, 24.927164644931395, -207.42144366463478], [0.0, 0.0, 0.0, 29.492271602316638, 34.612734057003834, 39.744503505140273], array([   39.74450351,  -207.42144366,  1557.72088593]), array([ 0.00325834, -0.14752645,  0.98905274]))
([0.0, 1556.1534378316594, 0.0, 1552.4531445089463, 0.0, 1555.6413363232541], [0.0, 232.5686895368292, 232.5686895368292, 256.71483911976776, 25.438167557447713, -206.31346480721501], [0.0, 0.0, 0.0, 109.44171833597413, 115.52040170181206, 121.61156854170349], array([  121.61156854,  -206.31346481,  1555.64133632]), array([ 0.00387277, -0.14734775,  0.98907717]))
([0.0, 1556.1534378316594, 0.0, 1553.0427805101774, 0.0, 1556.8533906826954], [0.0, 232.5686895368292, 232.5686895368292, 256.73334908792742, 25.242274684162822, -206.81679581992833], [0.0, 0.0, 0.0, -91.895620605478129, -88.278366268501287, -84.652236486272031], array([  -84.65223649,  -206.81679582,  1556.85339068]), array([ 0.00230368, -0.14742731,  0.98907021]))
([0.0, 1556.1534378316594, 0.0, 1554.2244595870357, 0.0, 1557.8595314499596], [0.0, 232.5686895368292, 232.5686895368292, 256.76319570939916, 24.932619326381911, -207.44017011986256], [0.0, 0.0, 0.0, -35.617547381874004, -31.29635288712705, -26.965051838963575], array([  -26.96505184,  -207.44017012,  1557.85953145]), array([ 0.00274986, -0.14752885,  0.98905393]))
([0.0, 1556.1534378316594, 0.0, 1554.2943278702746, 0.0, 1557.7283404702923], [0.0, 232.5686895368292, 232.5686895368292, 256.76398742438965, 24.925532426374502, -207.42513969896089], [0.0, 0.0, 0.0, 28.907920267824775, 34.021284466318939, 39.1459459826835], array([   39.14594598,  -207.4251397 ,  1557.72834047]), array([ 0.00325382, -0.14752704,  0.98905267]))
([0.0, 1556.1534378316594, 0.0, 1552.5332612358472, 0.0, 1555.7277838018306], [0.0, 232.5686895368292, 232.5686895368292, 256.71695357435289, 25.416168814776938, -206.36054492802478], [0.0, 0.0, 0.0, 107.21356080730969, 113.26586718608992, 119.33062690792309], array([  119.33062691,  -206.36054493,  1555.7277838 ]), array([ 0.00385576, -0.14735535,  0.9890761 ]))
([0.0, 1556.1534378316594, 0.0, 1553.0815951927948, 0.0, 1556.8880879257458], [0.0, 232.5686895368292, 232.5686895368292, 256.73433727329808, 25.232020955223334, -206.83769110526038], [0.0, 0.0, 0.0, -90.608094046217417, -86.97459807949015, -83.332196672098746], array([  -83.33219667,  -206.83769111,  1556.88808793]), array([ 0.00231397, -0.14743071,  0.98906968]))
([0.0, 1556.1534378316594, 0.0, 1554.230062282162, 0.0, 1557.8636432581834], [0.0, 232.5686895368292, 232.5686895368292, 256.76333394872103, 24.931187825416657, -207.44295069414014], [0.0, 0.0, 0.0, -35.134876648770003, -30.807696630436425, -26.47040024685165], array([  -26.47040025,  -207.44295069,  1557.86364326]), array([ 0.00275366, -0.1475293 ,  0.98905385]))
([0.0, 1556.1534378316594, 0.0, 1554.299650218139, 0.0, 1557.7354366524892], [0.0, 232.5686895368292, 232.5686895368292, 256.76413505903025, 24.923984220558168, -207.42865032404916], [0.0, 0.0, 0.0, 28.343287297411266, 33.44979144039192, 38.567583533967529], array([   38.56758353,  -207.42865032,  1557.73543665]), array([ 0.00324944, -0.1475276 ,  0.9890526 ]))
([0.0, 1556.1534378316594, 0.0, 1552.6086336309863, 0.0, 1555.8092804614848], [0.0, 232.5686895368292, 232.5686895368292, 256.71894383178221, 25.395458721646179, -206.40489142929937], [0.0, 0.0, 0.0, 105.07337199530316, 111.10032702775725, 117.13970641114196], array([  117.13970641,  -206.40489143,  1555.80928046]), array([ 0.00383942, -0.14736251,  0.9890751 ]))
([0.0, 1556.1534378316594, 0.0, 1553.1187404111581, 0.0, 1556.9212444029997], [0.0, 232.5686895368292, 232.5686895368292, 256.73528274706433, 25.222210160585149, -206.85767638529583], [0.0, 0.0, 0.0, -89.358323900732472, -85.709068982029834, -82.050879584568705], array([  -82.05087958,  -206.85767639,  1556.9212444 ]), array([ 0.00232395, -0.14743396,  0.98906917]))
([0.0, 1556.1534378316594, 0.0, 1554.2354196998112, 0.0, 1557.8675554956792], [0.0, 232.5686895368292, 232.5686895368292, 256.76346603701757, 24.929820129097124, -207.44560424643242], [0.0, 0.0, 0.0, -34.667028559636123, -30.334047670624415, -25.990940918574001], array([  -25.99094092,  -207.44560425,  1557.8675555 ]), array([ 0.00275734, -0.14752974,  0.98905378]))
([0.0, 1556.1534378316594, 0.0, 1554.3046962169913, 0.0, 1557.7421975650457], [0.0, 232.5686895368292, 232.5686895368292, 256.76427519829815, 24.922514423056214, -207.43198775169378], [0.0, 0.0, 0.0, 27.797389258786147, 32.897259732005367, 38.008409082313008], array([   38.00840908,  -207.43198775,  1557.74219757]), array([ 0.00324521, -0.14752814,  0.98905253]))
([0.0, 1556.1534378316594, 0.0, 1552.6796346209499, 0.0, 1555.8862075108418], [0.0, 232.5686895368292, 232.5686895368292, 256.7208195994528, 25.375936831362992, -206.44671624604146], [0.0, 0.0, 0.0, 103.01587797476815, 109.01844643421914, 115.03341131651399], array([  115.03341132,  -206.44671625,  1555.88620751]), array([ 0.0038237 , -0.14736926,  0.98907415]))
([0.0, 1556.1534378316594, 0.0, 1553.1543118711875, 0.0, 1556.9529495964593], [0.0, 232.5686895368292, 232.5686895368292, 256.73618796103375, 25.212816904675748, -206.87680401163158], [0.0, 0.0, 0.0, -88.144661224396671, -84.480108652970685, -80.806593477161059], array([  -80.80659348,  -206.87680401,  1556.9529496 ]), array([ 0.00233363, -0.14743707,  0.98906869]))
([0.0, 1556.1534378316594, 0.0, 1554.240546250777, 0.0, 1557.8712804988627], [0.0, 232.5686895368292, 232.5686895368292, 256.76359233876138, 24.928512453777444, -207.44813840390862], [0.0, 0.0, 0.0, -34.213329836733571, -29.874724305488265, -25.525983712634105], array([  -25.52598371,  -207.4481384 ,  1557.8712805 ]), array([ 0.00276091, -0.14753015,  0.98905371]))
([0.0, 1556.1534378316594, 0.0, 1554.3094842222979, 0.0, 1557.7486444496374], [0.0, 232.5686895368292, 232.5686895368292, 256.76440833474715, 24.921117888100127, -207.43516320267113], [0.0, 0.0, 0.0, 27.269307173556992, 32.362759318083704, 37.467481546344146], array([   37.46748155,  -207.4351632 ,  1557.74864445]), array([ 0.00324111, -0.14752865,  0.98905247]))
([0.0, 1556.1534378316594, 0.0, 1552.7466004935598, 0.0, 1555.958909291443], [0.0, 232.5686895368292, 232.5686895368292, 256.72258963560444, 25.357512490706711, -206.4862107337247], [0.0, 0.0, 0.0, 101.0362318132842, 107.01532251661871, 113.00678271132003], array([  113.00678271,  -206.48621073,  1555.95890929]), array([ 0.00380858, -0.14737563,  0.98907326]))
